#Atom       AtomicFlx
   5.000       6.9256
  35.000       5.3057
  41.000       3.3168
  57.000       2.8297
  71.000       2.3383
  90.000       4.2516
 111.000       4.0340
 123.000       3.2313
 139.000       4.8946
 149.000       5.9135
 164.000       5.1391
 185.000       5.8378
 195.000       7.4832
 202.000       7.4410
 218.000       7.0210
 229.000       5.1845
 250.000       5.7187
 267.000       6.5173
 281.000       4.8052
 297.000       4.2382
 308.000       5.9226
 332.000       5.9220
 348.000       4.6171
 364.000       5.4373
 378.000       7.1284
 395.000       7.6859
 405.000       9.5062
 416.000      11.1677
 433.000       9.8623
 449.000      10.7291
 460.000      10.3257
 470.000       9.7575
 492.000       8.5403
 506.000       7.6584
 530.000       7.3755
 545.000       6.4460
 567.000       5.2558
 583.000       5.0417
 598.000       4.4477
 608.000       3.3770
 618.000       2.6599
 635.000       3.0657
 645.000       2.2346
 660.000       1.8098
 679.000       2.4729
 693.000       2.0280
 714.000       1.7823
 741.000       1.9312
 747.000       1.6888
 761.000       1.5711
 785.000       1.5359
 801.000       1.6395
 811.000       1.7202
 828.000       1.6005
 845.000       1.6431
 864.000       1.9179
 874.000       1.9155
 881.000       1.9414
 903.000       2.0154
 920.000       1.9784
 931.000       1.5891
 950.000       1.2984
 969.000       1.1429
 988.000       1.0949
 995.000       1.0155
1011.000       1.0722
1021.000       1.0817
1035.000       1.1013
1046.000       1.0796
1057.000       0.9834
1076.000       1.1664
1086.000       1.0754
1105.000       1.3017
1122.000       1.0515
1140.000       0.9470
1146.000       1.0045
1157.000       0.9095
1174.000       0.8492
1193.000       0.8841
1209.000       0.8869
1219.000       0.8863
1229.000       0.9128
1248.000       1.0327
1270.000       1.1206
1281.000       1.1428
1305.000       1.1920
1315.000       1.3577
1327.000       1.4863
1344.000       1.5663
1363.000       1.6136
1370.000       1.4395
1380.000       1.3958
1391.000       1.2306
1407.000       1.2577
1423.000       1.2043
1439.000       1.2895
1450.000       1.3891
1467.000       1.5254
1483.000       1.8167
1498.000       2.1413
1522.000       2.0616
1533.000       1.9024
1540.000       1.5381
1556.000       1.4910
1571.000       1.4438
1581.000       1.2440
1592.000       1.2458
1614.000       1.3576
1628.000       1.2624
1638.000       1.1473
1654.000       1.2392
1671.000       1.2977
1685.000       1.2123
1704.000       1.1971
1723.000       1.2991
1733.000       1.3430
1750.000       1.3150
1774.000       1.2230
1790.000       1.2557
1801.000       1.1553
1808.000       1.0474
1827.000       0.9339
1846.000       0.9413
1865.000       0.9778
1879.000       1.0896
1908.000       1.2197
1914.000       1.2527
1933.000       1.4106
1945.000       1.5502
1957.000       1.6385
1974.000       1.4397
1986.000       1.2017
1996.000       1.2868
2015.000       1.3553
2025.000       1.1937
2041.000       1.1452
2056.000       1.2983
2066.000       1.2972
2076.000       1.1830
2087.000       1.4303
2101.000       1.8749
2115.000       1.2730
2139.000       1.1739
2145.000       1.0870
2155.000       0.9671
2174.000       0.9289
2194.000       0.9233
2213.000       1.0299
2225.000       1.0572
2241.000       1.1701
2252.000       1.2509
2264.000       1.2596
2281.000       1.3328
2303.000       1.4599
2309.000       1.2018
2328.000       1.0944
2342.000       1.0243
2353.000       1.0203
2372.000       1.0147
2391.000       0.9034
2411.000       1.0566
2422.000       1.0664
2439.000       1.0738
2454.000       0.9977
2466.000       0.9365
2473.000       0.9468
2487.000       0.9981
2511.000       0.9720
2530.000       0.9263
2537.000       0.9674
2553.000       1.0848
2568.000       1.0088
2585.000       0.9968
2604.000       1.1654
2620.000       1.2624
2630.000       1.2107
2649.000       1.3185
2656.000       1.1765
2673.000       1.2842
2690.000       1.2032
2707.000       1.0647
2726.000       1.0523
2736.000       0.9871
2755.000       0.9961
2774.000       1.0598
2784.000       1.1401
2799.000       1.3083
2805.000       1.3507
2824.000       1.5492
2835.000       1.4359
2846.000       1.3211
2862.000       1.3397
2873.000       1.2013
2883.000       1.1482
2907.000       1.1579
2926.000       1.0111
2950.000       1.0243
2969.000       1.1277
2979.000       1.0712
2986.000       1.0051
3010.000       1.1267
3027.000       1.1715
3049.000       1.1155
3070.000       1.1401
3089.000       1.2993
3103.000       1.3453
3127.000       1.3684
3141.000       1.4897
3158.000       1.3341
3177.000       1.3825
3202.000       1.2065
3208.000       1.3195
3227.000       1.2930
3237.000       1.2415
3252.000       1.2605
3276.000       1.2826
3291.000       1.2127
3298.000       1.2437
3310.000       1.1167
3334.000       1.1201
3345.000       0.9952
3355.000       1.1920
3372.000       1.2574
3383.000       1.0346
3390.000       1.0592
3410.000       1.2413
3427.000       1.2309
3444.000       1.1169
3458.000       1.2233
3475.000       1.4110
3492.000       1.4424
3509.000       1.4403
3528.000       1.7253
3542.000       1.9126
3557.000       2.5542
3564.000       1.8599
3583.000       1.3243
3607.000       1.1543
3613.000       1.1006
3627.000       0.9463
3637.000       0.9022
3654.000       0.8262
3673.000       0.8298
3689.000       0.8987
3699.000       0.8430
3713.000       0.7882
3725.000       0.9741
3742.000       0.9380
3759.000       0.8159
3769.000       0.8633
3788.000       0.9440
3795.000       0.9094
3805.000       0.8767
3822.000       0.9745
3846.000       1.0382
3856.000       1.0238
3875.000       1.0988
3889.000       1.2100
3904.000       1.2726
3915.000       1.3438
3922.000       1.2152
3941.000       1.1569
3965.000       0.9884
3981.000       1.0594
3988.000       1.2269
3998.000       1.1615
4010.000       1.0099
4029.000       0.9339
4040.000       0.8039
4056.000       0.7553
4072.000       0.7402
4079.000       0.7542
4100.000       0.8803
4112.000       0.9259
4124.000       1.1218
4138.000       1.1915
4153.000       1.0683
4165.000       0.8979
4176.000       0.9348
4187.000       0.9537
4198.000       0.9153
4219.000       0.8989
4246.000       0.9218
4260.000       0.8899
4266.000       0.7837
4285.000       0.7722
4299.000       0.7545
4313.000       0.8387
4332.000       1.0101
4354.000       0.9690
4371.000       1.0899
4383.000       1.0046
4403.000       1.0523
4427.000       1.0625
4446.000       0.9288
4465.000       0.9163
4472.000       1.0660
4489.000       1.0799
4503.000       0.9755
4514.000       1.0415
4530.000       1.1820
4542.000       1.1350
4566.000       1.1113
4585.000       1.2841
4604.000       1.3675
4621.000       1.3474
4640.000       1.4368
4651.000       1.6376
4668.000       1.7226
4675.000       1.7131
4692.000       1.8937
4702.000       1.6273
4718.000       1.4468
4740.000       1.2786
4747.000       1.1813
4761.000       1.1729
4778.000       1.0777
4797.000       1.0045
4824.000       1.0602
4830.000       0.9942
4846.000       1.0907
4857.000       0.9615
4876.000       0.9425
4892.000       0.9702
4914.000       0.9346
4938.000       0.9492
4960.000       0.8640
4974.000       0.9670
4991.000       5.5064
5021.000       3.8791
5027.000       2.5858
5043.000       2.2729
5057.000       2.0787
5076.000       3.3385
5097.000       3.2779
5109.000       2.8990
5125.000       3.9505
5135.000       4.6752
5150.000       4.2783
5171.000       4.7192
5181.000       5.7989
5188.000       5.6455
5204.000       5.2700
5215.000       4.0061
5236.000       4.4205
5253.000       4.9398
5267.000       3.7494
5283.000       3.2926
5294.000       4.4935
5318.000       4.4677
5334.000       3.4766
5350.000       4.0168
5364.000       5.2424
5381.000       5.7716
5391.000       7.1575
5402.000       7.8739
5419.000       7.0712
5435.000       7.7206
5446.000       7.5554
5456.000       7.3394
5478.000       6.4122
5492.000       5.6995
5516.000       5.7187
5531.000       5.1953
5553.000       4.2109
5569.000       4.0416
5584.000       3.9395
5594.000       3.2287
5604.000       2.5283
5621.000       2.8761
5631.000       2.7042
5646.000       2.1633
5665.000       2.2600
5679.000       1.7673
5700.000       1.3797
5727.000       1.6089
5733.000       1.4366
5747.000       1.4408
5771.000       1.4299
5787.000       1.5605
5797.000       1.5837
5814.000       1.5073
5831.000       1.6269
5850.000       1.7327
5860.000       2.2450
5867.000       2.3576
5889.000       2.1406
5906.000       1.6687
5917.000       1.5688
5936.000       1.4183
5955.000       1.3867
5974.000       1.4031
5981.000       1.3187
5997.000       1.3534
6007.000       1.3512
6021.000       1.3270
6032.000       1.2305
6043.000       1.0170
6062.000       1.2175
6072.000       1.0730
6091.000       1.2866
6108.000       0.9802
6126.000       1.0385
6132.000       1.1494
6143.000       0.9642
6160.000       0.9680
6179.000       1.0477
6195.000       1.0172
6205.000       0.9807
6215.000       1.0529
6234.000       1.1601
6256.000       1.1729
6267.000       1.1360
6291.000       1.2241
6301.000       1.3396
6313.000       1.4038
6330.000       1.4340
6349.000       1.5248
6356.000       1.4076
6366.000       1.4292
6377.000       1.3838
6393.000       1.4910
6409.000       1.4900
6425.000       1.5877
6436.000       1.5819
6453.000       1.7570
6469.000       2.4552
6484.000       1.8824
6508.000       1.7678
6519.000       1.6292
6526.000       1.4321
6542.000       1.5042
6557.000       1.5358
6567.000       1.3998
6578.000       1.4035
6600.000       1.5355
6614.000       1.5181
6624.000       1.4065
6640.000       1.5833
6657.000       1.6535
6671.000       1.5388
6690.000       1.5558
6709.000       1.6923
6719.000       1.6830
6736.000       1.6676
6760.000       1.5625
6776.000       1.5564
6787.000       1.4289
6794.000       1.3166
6813.000       1.1942
6832.000       1.1898
6851.000       1.2577
6865.000       1.2699
6894.000       1.2301
6900.000       1.2087
6919.000       1.2454
6931.000       1.2341
6943.000       1.3711
6960.000       1.2758
6972.000       1.1776
6982.000       1.2624
7001.000       1.3420
7011.000       1.2806
7027.000       1.2823
7042.000       1.4051
7052.000       1.4093
7062.000       1.3703
7073.000       1.5248
7087.000       1.8343
7101.000       1.3327
7125.000       1.3732
7131.000       1.3068
7141.000       1.1394
7160.000       1.0811
7180.000       1.0292
7199.000       1.0602
7211.000       1.1137
7227.000       1.2010
7238.000       1.1537
7250.000       1.2798
7267.000       1.4386
7289.000       1.5418
7295.000       1.3201
7314.000       1.1755
7328.000       1.0415
7339.000       0.9688
7358.000       1.0063
7377.000       0.8674
7397.000       0.8803
7408.000       0.8889
7425.000       0.9546
7440.000       0.9199
7452.000       0.8566
7459.000       0.8588
7473.000       0.9453
7497.000       0.9422
7516.000       0.9559
7523.000       0.9933
7539.000       1.0748
7554.000       1.0502
7571.000       1.0917
7590.000       1.2128
7606.000       1.2928
7616.000       1.3015
7635.000       1.4057
7642.000       1.3092
7659.000       1.3787
7676.000       1.3694
7693.000       1.2094
7712.000       1.1759
7722.000       1.0717
7741.000       1.0740
7760.000       1.0616
7770.000       1.1022
7785.000       1.1633
7791.000       1.4438
7810.000       1.4233
7821.000       1.1490
7832.000       1.0918
7848.000       1.0906
7859.000       1.0407
7869.000       1.0857
7893.000       1.0162
7912.000       0.9273
7936.000       1.0101
7955.000       1.0530
7965.000       0.9630
7972.000       0.9630
7996.000       1.0914
8013.000       1.0871
8035.000       1.0564
8056.000       1.1329
8075.000       1.2515
8089.000       1.2769
8113.000       1.3133
8127.000       1.4415
8144.000       1.3633
8163.000       1.4069
8188.000       1.2917
8194.000       1.4114
8213.000       1.3921
8223.000       1.3215
8238.000       1.3409
8262.000       1.2400
8277.000       1.1175
8284.000       1.0562
8296.000       0.9491
8320.000       0.9718
8331.000       0.9538
8341.000       1.1378
8358.000       1.2714
8369.000       1.1516
8376.000       1.2011
8396.000       1.3704
8413.000       1.3530
8430.000       1.3013
8444.000       1.4176
8461.000       1.5446
8478.000       1.5499
8495.000       1.5591
8514.000       1.7705
8528.000       2.1515
8543.000       2.6428
8550.000       1.8269
8569.000       1.5023
8593.000       1.3250
8599.000       1.2873
8613.000       1.1362
8623.000       1.0648
8640.000       0.9409
8659.000       0.9461
8675.000       0.9412
8685.000       0.8575
8699.000       0.8064
8711.000       0.9750
8728.000       1.0587
8745.000       0.9780
8755.000       0.9927
8774.000       1.0746
8781.000       1.0987
8791.000       1.1036
8808.000       1.2518
8832.000       1.2474
8842.000       1.2467
8861.000       1.3292
8875.000       1.4787
8890.000       1.5064
8901.000       1.5945
8908.000       1.4512
8927.000       1.3808
8951.000       1.2137
8967.000       1.2399
8974.000       1.4096
8984.000       1.3709
8996.000       1.2159
9015.000       1.1183
9026.000       0.9874
9042.000       0.9083
9058.000       0.8658
9065.000       0.8287
9086.000       0.8340
9098.000       0.8059
9110.000       0.8707
9124.000       1.0617
9139.000       0.9098
9151.000       0.8568
9162.000       0.9095
9173.000       0.9005
9184.000       0.8610
9205.000       0.9522
9232.000       0.9840
9246.000       0.8979
9252.000       0.8590
9271.000       0.8608
9285.000       0.8121
9299.000       0.8250
9318.000       0.8646
9340.000       0.8339
9357.000       0.8832
9369.000       0.9493
9389.000       1.0176
9413.000       0.9630
9432.000       0.9143
9451.000       0.9894
9458.000       1.0687
9475.000       1.0236
9489.000       1.0065
9500.000       1.1080
9516.000       1.1695
9528.000       1.1120
9552.000       1.1621
9571.000       1.2828
9590.000       1.3302
9607.000       1.3628
9626.000       1.4586
9637.000       1.5616
9654.000       1.6851
9661.000       1.6108
9678.000       1.8525
9688.000       1.4953
9704.000       1.4457
9726.000       1.1893
9733.000       1.0530
9747.000       1.0457
9764.000       0.9961
9783.000       0.9393
9810.000       0.9707
9816.000       0.9046
9832.000       0.9477
9843.000       0.9279
9862.000       0.9451
9878.000       0.9855
9900.000       0.9800
9924.000       1.0283
9946.000       0.9957
9960.000       1.1330
9974.000       1.6194
9993.000       2.1926
