#Atom       AtomicFlx
   5.000       4.0565
  35.000       3.1900
  41.000       2.8508
  57.000       2.2632
  71.000       2.0792
  90.000       3.0767
 111.000       3.0565
 123.000       2.6167
 139.000       3.4410
 149.000       4.1080
 164.000       3.7433
 185.000       4.0124
 195.000       4.9045
 202.000       4.7324
 218.000       4.5067
 229.000       3.5278
 250.000       3.8306
 267.000       4.2171
 281.000       3.2908
 297.000       2.9047
 308.000       3.8147
 332.000       3.7484
 348.000       2.9214
 364.000       3.4025
 378.000       4.3538
 395.000       4.7930
 405.000       5.9102
 416.000       6.4888
 433.000       5.7971
 449.000       6.2973
 460.000       6.1263
 470.000       5.9819
 492.000       5.2660
 506.000       4.6662
 530.000       4.6636
 545.000       4.3506
 567.000       3.4948
 583.000       3.2289
 598.000       3.2760
 608.000       2.7991
 618.000       2.0034
 635.000       2.2171
 645.000       2.2991
 660.000       1.9392
 679.000       1.6292
 693.000       1.2788
 714.000       1.0897
 741.000       1.0331
 747.000       0.9566
 761.000       0.9930
 785.000       0.9696
 801.000       1.0599
 811.000       1.1843
 828.000       1.2473
 845.000       1.3141
 864.000       1.6999
 874.000       1.9060
 881.000       1.6767
 903.000       2.4692
 920.000       2.3811
 931.000       1.4094
 950.000       1.1858
 969.000       1.0758
 988.000       1.0935
 995.000       1.0447
1011.000       1.1443
1021.000       1.0768
1035.000       1.2323
1046.000       1.0932
1057.000       1.1873
1076.000       1.3229
1086.000       1.0454
1105.000       1.0586
1122.000       0.8685
1140.000       0.8762
1146.000       0.9798
1157.000       0.8792
1174.000       0.7723
1193.000       0.8129
1209.000       0.8262
1219.000       0.8298
1229.000       0.8102
1248.000       0.8326
1270.000       0.9437
1281.000       0.9909
1305.000       0.9785
1315.000       1.0372
1327.000       1.2989
1344.000       1.3950
1363.000       1.3589
1370.000       1.2302
1380.000       1.1262
1391.000       1.0413
1407.000       1.0727
1423.000       1.1247
1439.000       1.3009
1450.000       1.3518
1467.000       1.7705
1483.000       2.7357
1498.000       2.4428
1522.000       2.0979
1533.000       2.0715
1540.000       2.0020
1556.000       2.1792
1571.000       1.9473
1581.000       1.6647
1592.000       1.8525
1614.000       1.8897
1628.000       1.5660
1638.000       1.5551
1654.000       1.7596
1671.000       1.5470
1685.000       1.2980
1704.000       1.4894
1723.000       1.4667
1733.000       1.1902
1750.000       1.3257
1774.000       1.2301
1790.000       1.2840
1801.000       1.3200
1808.000       1.2516
1827.000       1.1093
1846.000       1.1436
1865.000       1.0212
1879.000       1.2173
1908.000       1.1646
1914.000       1.4184
1933.000       1.7043
1945.000       1.9631
1957.000       2.1601
1974.000       1.9091
1986.000       1.7618
1996.000       1.8967
2015.000       1.9641
2025.000       1.7403
2041.000       1.7798
2056.000       1.9894
2066.000       1.8955
2076.000       1.7694
2087.000       2.0263
2101.000       2.1952
2115.000       1.8034
2139.000       1.6626
2145.000       1.4933
2155.000       1.2785
2174.000       1.1759
2194.000       0.9767
2213.000       0.9880
2225.000       1.1726
2241.000       1.0283
2252.000       1.0836
2264.000       1.2698
2281.000       1.6283
2303.000       1.7628
2309.000       1.4852
2328.000       1.3968
2342.000       1.1621
2353.000       1.0831
2372.000       1.0520
2391.000       0.9445
2411.000       0.9909
2422.000       1.0526
2439.000       1.1087
2454.000       0.9711
2466.000       0.8875
2473.000       0.9042
2487.000       0.9477
2511.000       0.8901
2530.000       0.9140
2537.000       0.9583
2553.000       0.9965
2568.000       0.9323
2585.000       0.9713
2604.000       1.0805
2620.000       1.1270
2630.000       1.1343
2649.000       1.2266
2656.000       1.1651
2673.000       1.3119
2690.000       1.3053
2707.000       1.1552
2726.000       1.1643
2736.000       1.0936
2755.000       1.0367
2774.000       1.0745
2784.000       1.0348
2799.000       1.1106
2805.000       1.3902
2824.000       1.3546
2835.000       1.0670
2846.000       1.0822
2862.000       0.9880
2873.000       0.9262
2883.000       1.0956
2907.000       1.0835
2926.000       0.9398
2950.000       1.0328
2969.000       1.1412
2979.000       1.0770
2986.000       1.0280
3010.000       1.1598
3027.000       1.2082
3049.000       1.1203
3070.000       1.1576
3089.000       1.2457
3103.000       1.3123
3127.000       1.2997
3141.000       1.4416
3158.000       1.3270
3177.000       1.4719
3202.000       1.3231
3208.000       1.3835
3227.000       1.4048
3237.000       1.3789
3252.000       1.2794
3276.000       1.1926
3291.000       1.0328
3298.000       0.9803
3310.000       0.8382
3334.000       0.8995
3345.000       0.8327
3355.000       1.0425
3372.000       1.1128
3383.000       0.9921
3390.000       1.0223
3410.000       1.2135
3427.000       1.2092
3444.000       1.1263
3458.000       1.2504
3475.000       1.4194
3492.000       1.4224
3509.000       1.4178
3528.000       1.6870
3542.000       1.9980
3557.000       2.5204
3564.000       1.9107
3583.000       1.5336
3607.000       1.3031
3613.000       1.2120
3627.000       1.0508
3637.000       1.0000
3654.000       0.9027
3673.000       0.8679
3689.000       0.8871
3699.000       0.7630
3713.000       0.7123
3725.000       0.7679
3742.000       0.8471
3759.000       0.7878
3769.000       0.7867
3788.000       0.8785
3795.000       0.9317
3805.000       0.8910
3822.000       0.9174
3846.000       1.0596
3856.000       1.1011
3875.000       1.1025
3889.000       1.2179
3904.000       1.4001
3915.000       1.4621
3922.000       1.3428
3941.000       1.2238
3965.000       1.0371
3981.000       1.0807
3988.000       1.2912
3998.000       1.2947
4010.000       1.1376
4029.000       0.9982
4040.000       0.8786
4056.000       0.8138
4072.000       0.7768
4079.000       0.7510
4100.000       0.7425
4112.000       0.6924
4124.000       0.7014
4138.000       0.8396
4153.000       0.7024
4165.000       0.7235
4176.000       0.7705
4187.000       0.7318
4198.000       0.7407
4219.000       0.8701
4246.000       0.8806
4260.000       0.7561
4266.000       0.7132
4285.000       0.7343
4299.000       0.7075
4313.000       0.7521
4332.000       0.8088
4354.000       0.9113
4371.000       0.9635
4383.000       0.9055
4403.000       0.9636
4427.000       0.9905
4446.000       0.8864
4465.000       0.8522
4472.000       0.9773
4489.000       1.0731
4503.000       1.0022
4514.000       1.0213
4530.000       1.2140
4542.000       1.2648
4566.000       1.2845
4585.000       1.4391
4604.000       1.5936
4621.000       1.6600
4640.000       1.7770
4651.000       1.9747
4668.000       2.1558
4675.000       2.0849
4692.000       2.2807
4702.000       1.8424
4718.000       1.7234
4740.000       1.4386
4747.000       1.1176
4761.000       1.0461
4778.000       1.0248
4797.000       1.0011
4824.000       1.0338
4830.000       0.8454
4846.000       0.8439
4857.000       0.8073
4876.000       0.8055
4892.000       0.8527
4914.000       0.8337
4938.000       0.8999
4960.000       0.8670
4974.000       0.9522
4991.000       5.8730
5021.000       4.1460
5027.000       3.0758
5043.000       2.8904
5057.000       2.7899
5076.000       4.3091
5097.000       4.4322
5109.000       4.0136
5125.000       5.1364
5135.000       6.1024
5150.000       5.7624
5171.000       6.1853
5181.000       7.3319
5188.000       6.9703
5204.000       6.3842
5215.000       4.8775
5236.000       5.1789
5253.000       5.9115
5267.000       4.6658
5283.000       4.0277
5294.000       5.3121
5318.000       5.3699
5334.000       4.1879
5350.000       4.8016
5364.000       6.1131
5381.000       6.6154
5391.000       7.9875
5402.000       9.0528
5419.000       8.1750
5435.000       9.0292
5446.000       8.8271
5456.000       8.7583
5478.000       7.7473
5492.000       6.8914
5516.000       6.9542
5531.000       6.5752
5553.000       5.3817
5569.000       4.9782
5584.000       5.0576
5594.000       4.4071
5604.000       3.2741
5621.000       3.4116
5631.000       3.5009
5646.000       2.8518
5665.000       2.1166
5679.000       1.8061
5700.000       1.5395
5727.000       1.2442
5733.000       1.1291
5747.000       1.0644
5771.000       1.0069
5787.000       1.0866
5797.000       1.1470
5814.000       1.0573
5831.000       1.0737
5850.000       1.2604
5860.000       1.4065
5867.000       1.7688
5889.000       2.2726
5906.000       1.7259
5917.000       1.1949
5936.000       1.0183
5955.000       0.9160
5974.000       0.8999
5981.000       0.8369
5997.000       0.8373
6007.000       0.8174
6021.000       0.8495
6032.000       0.9246
6043.000       0.9502
6062.000       1.1337
6072.000       1.0690
6091.000       1.1548
6108.000       1.0200
6126.000       0.8994
6132.000       0.9341
6143.000       0.8445
6160.000       0.8116
6179.000       0.8447
6195.000       0.8809
6205.000       0.8432
6215.000       0.8583
6234.000       0.9629
6256.000       1.0286
6267.000       1.0033
6291.000       1.0462
6301.000       1.2042
6313.000       1.2840
6330.000       1.3412
6349.000       1.4111
6356.000       1.1951
6366.000       1.1614
6377.000       1.0248
6393.000       1.0628
6409.000       0.9504
6425.000       0.9685
6436.000       0.9835
6453.000       1.1481
6469.000       1.3624
6484.000       1.6081
6508.000       1.6982
6519.000       1.4873
6526.000       1.1718
6542.000       1.1724
6557.000       1.1052
6567.000       0.9411
6578.000       0.9850
6600.000       1.0729
6614.000       0.9670
6624.000       0.8854
6640.000       0.9850
6657.000       0.9962
6671.000       0.8707
6690.000       0.8861
6709.000       0.9242
6719.000       0.9180
6736.000       0.8939
6760.000       0.9355
6776.000       1.0370
6787.000       1.0071
6794.000       0.9086
6813.000       0.8408
6832.000       0.8134
6851.000       0.8600
6865.000       0.9219
6894.000       1.0884
6900.000       1.1141
6919.000       1.3498
6931.000       1.6107
6943.000       1.6804
6960.000       1.3420
6972.000       1.2215
6982.000       1.2817
7001.000       1.2220
7011.000       0.9973
7027.000       1.0812
7042.000       1.1667
7052.000       1.1242
7062.000       1.0437
7073.000       1.3033
7087.000       1.8808
7101.000       1.1754
7125.000       1.0850
7131.000       0.9592
7141.000       0.9399
7160.000       0.8981
7180.000       0.8954
7199.000       0.9491
7211.000       0.9737
7227.000       0.9034
7238.000       1.0181
7250.000       1.1261
7267.000       1.3099
7289.000       1.4333
7295.000       1.0990
7314.000       1.0307
7328.000       0.9305
7339.000       0.8851
7358.000       0.8350
7377.000       0.7724
7397.000       0.8935
7408.000       0.8822
7425.000       0.9264
7440.000       0.9020
7452.000       0.8214
7459.000       0.8247
7473.000       0.9383
7497.000       0.9238
7516.000       0.8788
7523.000       0.9293
7539.000       1.0296
7554.000       0.9915
7571.000       0.9860
7590.000       1.1344
7606.000       1.2219
7616.000       1.1891
7635.000       1.2823
7642.000       1.1479
7659.000       1.2511
7676.000       1.1641
7693.000       1.0837
7712.000       0.9760
7722.000       0.8490
7741.000       0.7590
7760.000       0.8034
7770.000       0.8252
7785.000       0.9588
7791.000       1.0040
7810.000       1.1264
7821.000       0.9850
7832.000       0.8830
7848.000       0.7895
7859.000       0.7532
7869.000       0.8544
7893.000       0.8111
7912.000       0.7335
7936.000       0.8263
7955.000       0.9548
7965.000       0.9068
7972.000       0.8806
7996.000       1.0269
8013.000       1.0906
8035.000       1.0570
8056.000       1.0761
8075.000       1.2377
8089.000       1.2854
8113.000       1.3157
8127.000       1.4225
8144.000       1.2831
8163.000       1.3070
8188.000       1.1427
8194.000       1.2505
8213.000       1.1535
8223.000       1.0270
8238.000       0.9635
8262.000       0.9544
8277.000       0.9218
8284.000       0.8812
8296.000       0.8458
8320.000       0.7881
8331.000       0.6520
8341.000       0.7260
8358.000       0.8064
8369.000       0.7470
8376.000       0.7380
8396.000       0.8882
8413.000       0.8960
8430.000       0.8280
8444.000       0.9372
8461.000       1.2034
8478.000       1.2285
8495.000       1.2564
8514.000       1.6607
8528.000       1.6121
8543.000       2.2867
8550.000       1.9101
8569.000       1.2006
8593.000       1.0257
8599.000       1.0163
8613.000       0.8934
8623.000       0.8220
8640.000       0.7267
8659.000       0.6475
8675.000       0.6505
8685.000       0.5861
8699.000       0.5831
8711.000       0.5939
8728.000       0.6332
8745.000       0.6255
8755.000       0.6256
8774.000       0.7149
8781.000       0.7026
8791.000       0.7046
8808.000       0.7560
8832.000       0.7932
8842.000       0.8345
8861.000       0.8929
8875.000       0.9651
8890.000       1.0532
8901.000       1.1624
8908.000       1.0668
8927.000       1.0431
8951.000       0.8922
8967.000       1.0136
8974.000       1.1708
8984.000       1.0870
8996.000       0.9425
9015.000       0.8930
9026.000       0.7504
9042.000       0.7123
9058.000       0.6731
9065.000       0.6499
9086.000       0.6856
9098.000       0.7070
9110.000       0.7418
9124.000       0.9398
9139.000       0.7835
9151.000       0.7104
9162.000       0.8358
9173.000       0.7731
9184.000       0.6791
9205.000       0.7913
9232.000       0.8106
9246.000       0.7743
9252.000       0.6920
9271.000       0.7361
9285.000       0.7069
9299.000       0.7608
9318.000       0.7981
9340.000       0.7803
9357.000       0.8840
9369.000       0.8467
9389.000       0.8666
9413.000       0.9169
9432.000       0.8484
9451.000       0.8360
9458.000       0.9464
9475.000       0.9670
9489.000       0.9083
9500.000       0.9336
9516.000       1.0560
9528.000       0.9770
9552.000       0.9453
9571.000       1.0684
9590.000       1.1477
9607.000       1.1919
9626.000       1.2713
9637.000       1.3940
9654.000       1.5444
9661.000       1.4854
9678.000       1.7892
9688.000       1.4617
9704.000       1.3073
9726.000       1.1556
9733.000       1.0338
9747.000       1.0520
9764.000       0.9747
9783.000       0.8898
9810.000       0.9427
9816.000       0.8656
9832.000       0.9324
9843.000       0.8683
9862.000       0.8781
9878.000       0.9338
9900.000       0.8861
9924.000       0.8992
9946.000       0.8054
9960.000       0.9446
