#Atom       AtomicFlx
   5.000       4.2027
  35.000       2.6653
  41.000       2.0011
  57.000       1.6685
  71.000       1.4595
  90.000       1.8837
 111.000       2.1008
 123.000       1.9281
 139.000       2.1903
 149.000       2.6231
 164.000       2.6400
 185.000       2.7060
 195.000       3.0426
 202.000       2.8308
 218.000       2.5629
 229.000       2.0568
 250.000       2.2188
 267.000       2.5009
 281.000       2.0087
 297.000       1.8080
 308.000       2.3564
 332.000       2.3767
 348.000       1.9746
 364.000       2.2371
 378.000       2.8327
 395.000       3.0767
 405.000       3.7717
 416.000       4.1208
 433.000       3.5992
 449.000       3.9778
 460.000       3.9845
 470.000       3.8946
 492.000       3.4288
 506.000       3.1628
 530.000       3.2594
 545.000       3.0246
 567.000       2.4740
 583.000       2.5047
 598.000       2.6577
 608.000       2.3121
 618.000       1.9597
 635.000       2.3061
 645.000       2.4717
 660.000       2.1766
 679.000       2.1473
 693.000       1.6606
 714.000       1.2499
 741.000       1.1954
 747.000       1.1384
 761.000       1.0991
 785.000       1.0996
 801.000       1.2274
 811.000       1.2020
 828.000       1.2042
 845.000       1.4388
 864.000       1.6173
 874.000       1.6222
 881.000       1.5411
 903.000       1.9223
 920.000       1.5436
 931.000       1.2330
 950.000       1.1845
 969.000       1.0863
 988.000       1.0455
 995.000       0.9663
1011.000       0.9559
1021.000       0.9913
1035.000       0.9200
1046.000       0.9921
1057.000       1.0107
1076.000       1.2114
1086.000       1.1564
1105.000       1.1727
1122.000       1.0179
1140.000       0.9139
1146.000       1.0343
1157.000       1.0088
1174.000       0.8533
1193.000       0.8916
1209.000       0.9841
1219.000       0.9452
1229.000       0.9026
1248.000       1.0656
1270.000       1.1886
1281.000       1.0720
1305.000       1.0223
1315.000       1.1752
1327.000       1.2477
1344.000       1.2174
1363.000       1.2756
1370.000       1.1515
1380.000       1.1993
1391.000       1.0578
1407.000       1.0498
1423.000       1.1302
1439.000       1.0914
1450.000       1.0695
1467.000       1.1795
1483.000       1.8057
1498.000       1.9335
1522.000       1.7101
1533.000       1.6103
1540.000       1.3233
1556.000       1.3945
1571.000       1.3357
1581.000       1.1264
1592.000       1.1855
1614.000       1.3310
1628.000       1.1786
1638.000       1.0894
1654.000       1.2197
1671.000       1.2912
1685.000       1.1751
1704.000       1.1733
1723.000       1.2721
1733.000       1.2885
1750.000       1.2941
1774.000       1.1864
1790.000       1.1749
1801.000       1.0350
1808.000       0.9917
1827.000       0.9221
1846.000       0.8907
1865.000       0.8297
1879.000       0.9217
1908.000       0.9437
1914.000       1.0137
1933.000       1.0916
1945.000       1.1581
1957.000       1.3341
1974.000       1.1822
1986.000       1.0340
1996.000       1.1675
2015.000       1.2367
2025.000       1.0871
2041.000       1.1074
2056.000       1.2696
2066.000       1.2262
2076.000       1.1311
2087.000       1.3167
2101.000       1.3183
2115.000       1.1288
2139.000       1.0473
2145.000       0.9725
2155.000       0.8373
2174.000       0.7855
2194.000       0.7956
2213.000       0.8293
2225.000       0.9005
2241.000       0.9855
2252.000       0.9491
2264.000       1.0723
2281.000       1.1012
2303.000       1.1492
2309.000       1.0168
2328.000       0.9266
2342.000       0.8308
2353.000       0.7675
2372.000       0.7482
2391.000       0.6973
2411.000       0.7808
2422.000       0.7926
2439.000       0.8426
2454.000       0.8156
2466.000       0.7668
2473.000       0.7761
2487.000       0.8375
2511.000       0.8565
2530.000       0.8621
2537.000       0.8948
2553.000       0.9572
2568.000       0.9796
2585.000       1.0097
2604.000       1.0959
2620.000       1.1866
2630.000       1.1988
2649.000       1.2741
2656.000       1.1732
2673.000       1.2469
2690.000       1.1755
2707.000       1.0176
2726.000       0.9522
2736.000       0.8622
2755.000       0.8050
2774.000       0.8182
2784.000       0.8119
2799.000       0.8806
2805.000       0.9612
2824.000       1.1187
2835.000       1.0225
2846.000       1.0471
2862.000       0.9828
2873.000       0.8260
2883.000       0.8521
2907.000       0.8590
2926.000       0.7561
2950.000       0.8365
2969.000       0.9392
2979.000       0.8603
2986.000       0.8718
3010.000       1.0174
3027.000       1.0151
3049.000       1.0108
3070.000       1.0699
3089.000       1.1659
3103.000       1.1975
3127.000       1.2823
3141.000       1.3877
3158.000       1.3102
3177.000       1.3837
3202.000       1.0976
3208.000       1.1587
3227.000       1.1035
3237.000       1.0409
3252.000       0.9786
3276.000       0.9073
3291.000       0.9570
3298.000       0.8721
3310.000       0.8075
3334.000       0.7906
3345.000       0.7360
3355.000       0.8127
3372.000       0.8624
3383.000       0.7960
3390.000       0.8214
3410.000       0.9388
3427.000       0.9404
3444.000       0.9079
3458.000       1.0126
3475.000       1.1569
3492.000       1.1184
3509.000       1.2053
3528.000       1.4721
3542.000       1.5338
3557.000       1.8587
3564.000       1.5685
3583.000       1.2765
3607.000       1.1211
3613.000       1.0994
3627.000       0.9595
3637.000       0.8582
3654.000       0.7758
3673.000       0.7059
3689.000       0.6714
3699.000       0.6404
3713.000       0.6351
3725.000       0.7197
3742.000       0.7209
3759.000       0.6930
3769.000       0.7010
3788.000       0.7707
3795.000       0.7853
3805.000       0.7883
3822.000       0.8005
3846.000       0.8898
3856.000       0.9350
3875.000       0.9733
3889.000       1.0635
3904.000       1.1655
3915.000       1.2403
3922.000       1.1509
3941.000       1.1122
3965.000       0.9698
3981.000       1.0684
3988.000       1.2328
3998.000       1.1575
4010.000       1.0114
4029.000       0.9589
4040.000       0.8150
4056.000       0.7453
4072.000       0.6988
4079.000       0.6460
4100.000       0.6674
4112.000       0.7077
4124.000       0.7119
4138.000       0.8205
4153.000       0.7052
4165.000       0.6977
4176.000       0.7869
4187.000       0.7845
4198.000       0.7682
4219.000       0.8467
4246.000       0.8821
4260.000       0.8044
4266.000       0.7402
4285.000       0.7515
4299.000       0.7133
4313.000       0.7299
4332.000       0.8425
4354.000       0.7350
4371.000       0.9443
4383.000       0.9367
4403.000       0.9681
4427.000       0.9584
4446.000       0.8404
4465.000       0.8452
4472.000       0.9384
4489.000       0.9431
4503.000       0.8951
4514.000       0.9440
4530.000       1.0355
4542.000       0.9398
4566.000       0.9607
4585.000       1.1125
4604.000       1.1208
4621.000       1.0943
4640.000       1.2076
4651.000       1.3274
4668.000       1.3941
4675.000       1.3127
4692.000       1.4029
4702.000       1.2065
4718.000       1.1333
4740.000       1.0765
4747.000       0.9535
4761.000       0.9501
4778.000       0.9749
4797.000       0.8189
4824.000       0.9093
4830.000       0.8275
4846.000       0.9109
4857.000       0.9032
4876.000       0.8349
4892.000       0.8967
4914.000       0.8817
4938.000       0.9373
4960.000       0.8771
4974.000       0.9717
4991.000       6.2080
5021.000       5.0144
5027.000       3.0843
5043.000       2.1914
5057.000       1.5075
5076.000       2.4498
5097.000       2.4677
5109.000       1.9821
5125.000       2.7354
5135.000       3.2538
5150.000       2.7509
5171.000       3.2257
5181.000       4.1029
5188.000       4.4334
5204.000       4.4951
5215.000       3.3617
5236.000       4.1066
5253.000       4.5504
5267.000       3.2116
5283.000       3.1080
5294.000       4.5454
5318.000       4.4469
5334.000       3.6625
5350.000       4.4818
5364.000       5.7485
5381.000       6.2786
5391.000       7.5811
5402.000       7.9747
5419.000       6.8098
5435.000       7.2373
5446.000       7.1313
5456.000       6.4428
5478.000       5.5262
5492.000       5.3181
5516.000       5.3250
5531.000       4.2921
5553.000       3.5660
5569.000       4.0683
5584.000       3.8776
5594.000       2.7935
5604.000       2.9086
5621.000       3.9319
5631.000       3.5220
5646.000       3.0999
5665.000       3.8558
5679.000       3.0125
5700.000       2.8649
5727.000       1.9824
5733.000       1.4862
5747.000       1.2830
5771.000       1.2728
5787.000       1.3274
5797.000       1.3178
5814.000       1.3001
5831.000       1.3965
5850.000       1.6523
5860.000       1.7334
5867.000       1.6731
5889.000       1.9045
5906.000       2.2051
5917.000       1.6138
5936.000       1.2609
5955.000       1.0723
5974.000       0.9690
5981.000       0.8835
5997.000       0.8480
6007.000       0.8160
6021.000       0.8359
6032.000       0.8663
6043.000       0.8818
6062.000       0.8984
6072.000       0.8606
6091.000       0.8506
6108.000       0.8672
6126.000       0.8988
6132.000       0.8202
6143.000       0.8445
6160.000       0.9323
6179.000       0.9283
6195.000       0.8552
6205.000       0.9575
6215.000       0.9987
6234.000       0.9908
6256.000       1.0512
6267.000       1.0903
6291.000       1.1477
6301.000       1.2021
6313.000       1.2741
6330.000       1.3881
6349.000       1.4843
6356.000       1.3863
6366.000       1.2815
6377.000       1.1286
6393.000       1.0713
6409.000       0.9318
6425.000       0.9000
6436.000       0.8599
6453.000       0.9151
6469.000       1.4284
6484.000       1.4962
6508.000       1.7265
6519.000       1.5498
6526.000       1.1805
6542.000       1.1091
6557.000       1.0778
6567.000       0.9470
6578.000       0.9585
6600.000       1.0181
6614.000       0.9660
6624.000       0.9563
6640.000       1.0063
6657.000       1.0348
6671.000       1.0049
6690.000       0.9970
6709.000       1.0679
6719.000       1.1275
6736.000       1.0908
6760.000       1.0662
6776.000       1.1715
6787.000       1.1298
6794.000       0.9816
6813.000       0.8728
6832.000       0.8152
6851.000       0.8155
6865.000       0.8037
6894.000       0.7907
6900.000       0.8099
6919.000       0.9047
6931.000       1.0424
6943.000       1.1098
6960.000       0.9740
6972.000       0.8788
6982.000       0.9469
7001.000       1.0009
7011.000       0.9088
7027.000       0.9400
7042.000       1.0411
7052.000       0.9942
7062.000       0.9621
7073.000       1.0790
7087.000       1.6844
7101.000       1.0040
7125.000       1.0428
7131.000       0.9863
7141.000       0.9060
7160.000       0.8575
7180.000       0.8590
7199.000       0.7886
7211.000       0.8075
7227.000       0.9078
7238.000       1.1292
7250.000       1.1049
7267.000       1.2235
7289.000       1.3086
7295.000       1.0882
7314.000       1.0464
7328.000       0.9638
7339.000       0.9682
7358.000       0.9880
7377.000       0.9046
7397.000       0.9108
7408.000       0.8482
7425.000       0.9662
7440.000       0.9303
7452.000       0.8076
7459.000       0.7685
7473.000       0.9087
7497.000       0.8948
7516.000       0.8036
7523.000       0.8993
7539.000       1.0545
7554.000       0.9719
7571.000       0.9638
7590.000       1.1626
7606.000       1.2513
7616.000       1.1807
7635.000       1.2945
7642.000       1.1483
7659.000       1.2499
7676.000       1.1517
7693.000       0.9619
7712.000       0.8878
7722.000       0.7492
7741.000       0.6916
7760.000       0.7016
7770.000       0.7767
7785.000       0.9193
7791.000       0.9356
7810.000       1.0905
7821.000       1.0261
7832.000       0.9918
7848.000       0.8959
7859.000       0.7617
7869.000       0.8178
7893.000       0.8260
7912.000       0.6893
7936.000       0.7593
7955.000       0.8985
7965.000       0.8411
7972.000       0.8055
7996.000       0.9402
8013.000       1.0178
8035.000       0.9844
8056.000       1.0139
8075.000       1.1666
8089.000       1.2434
8113.000       1.2707
8127.000       1.3750
8144.000       1.2105
8163.000       1.2229
8188.000       1.0644
8194.000       1.1499
8213.000       1.0691
8223.000       0.9324
8238.000       0.9008
8262.000       0.9026
8277.000       0.9091
8284.000       0.9217
8296.000       0.8536
8320.000       0.8675
8331.000       0.7862
8341.000       0.9678
8358.000       0.9490
8369.000       0.8358
8376.000       0.8849
8396.000       1.0243
8413.000       0.9977
8430.000       0.9257
8444.000       1.0642
8461.000       1.1855
8478.000       1.1303
8495.000       1.1726
8514.000       1.4655
8528.000       1.6661
8543.000       2.0443
8550.000       1.6434
8569.000       1.2780
8593.000       1.0920
8599.000       1.0669
8613.000       0.8805
8623.000       0.7604
8640.000       0.6500
8659.000       0.5810
8675.000       0.5803
8685.000       0.5324
8699.000       0.4916
8711.000       0.7101
8728.000       0.6862
8745.000       0.6062
8755.000       0.6824
8774.000       0.7978
8781.000       0.7837
8791.000       0.7499
8808.000       0.8431
8832.000       0.9237
8842.000       0.9383
8861.000       0.9939
8875.000       1.1272
8890.000       1.2301
8901.000       1.3241
8908.000       1.2054
8927.000       1.1329
8951.000       0.9415
8967.000       1.0301
8974.000       1.2115
8984.000       1.1442
8996.000       0.9796
9015.000       0.8765
9026.000       0.6944
9042.000       0.6071
9058.000       0.5187
9065.000       0.4950
9086.000       0.6166
9098.000       0.6393
9110.000       0.6836
9124.000       0.8943
9139.000       0.6884
9151.000       0.6540
9162.000       0.7688
9173.000       0.7985
9184.000       0.7008
9205.000       0.7529
9232.000       0.7614
9246.000       0.6795
9252.000       0.5969
9271.000       0.6164
9285.000       0.5629
9299.000       0.7056
9318.000       0.8729
9340.000       0.9252
9357.000       0.8829
9369.000       0.8027
9389.000       0.9944
9413.000       1.0335
9432.000       0.8852
9451.000       0.9195
9458.000       1.0788
9475.000       1.0340
9489.000       0.9447
9500.000       1.0505
9516.000       1.1613
9528.000       1.0653
9552.000       1.0961
9571.000       1.2923
9590.000       1.2479
9607.000       1.2385
9626.000       1.4041
9637.000       1.4857
9654.000       1.5325
9661.000       1.4419
9678.000       1.7078
9688.000       1.3367
9704.000       1.2595
9726.000       1.1432
9733.000       1.1419
9747.000       1.1299
9764.000       1.0933
9783.000       1.0384
9810.000       1.0495
9816.000       0.9367
9832.000       0.9778
9843.000       0.8088
9862.000       0.7981
9878.000       0.8737
9900.000       0.8129
9924.000       0.8378
9946.000       0.7508
9960.000       0.8863
