#Atom       AtomicFlx
   5.000       4.0203
  35.000       3.6362
  41.000       2.9581
  57.000       1.9860
  71.000       1.6745
  90.000       2.4069
 111.000       2.4165
 123.000       1.9276
 139.000       2.5809
 149.000       3.1325
 164.000       2.7597
 185.000       2.9135
 195.000       3.6703
 202.000       3.6092
 218.000       3.4782
 229.000       2.7254
 250.000       3.0374
 267.000       3.2420
 281.000       2.4708
 297.000       2.3124
 308.000       3.0729
 332.000       2.9171
 348.000       2.3674
 364.000       2.8954
 378.000       3.5953
 395.000       3.9530
 405.000       4.7408
 416.000       5.0086
 433.000       4.4403
 449.000       4.8164
 460.000       4.6973
 470.000       4.4470
 492.000       3.8751
 506.000       3.5405
 530.000       3.4811
 545.000       3.1180
 567.000       2.5318
 583.000       2.4624
 598.000       2.3454
 608.000       1.9417
 618.000       1.5948
 635.000       1.8008
 645.000       1.7113
 660.000       1.6931
 679.000       1.7944
 693.000       1.6097
 714.000       1.4508
 741.000       1.5086
 747.000       1.4090
 761.000       1.3033
 785.000       1.1986
 801.000       1.3705
 811.000       1.4552
 828.000       1.2862
 845.000       1.2796
 864.000       1.5857
 874.000       2.2012
 881.000       2.5585
 903.000       2.5206
 920.000       2.1426
 931.000       1.8651
 950.000       1.3696
 969.000       1.2002
 988.000       1.0410
 995.000       0.8956
1011.000       0.8379
1021.000       0.8260
1035.000       0.8563
1046.000       0.8178
1057.000       0.8194
1076.000       1.0307
1086.000       0.8975
1105.000       0.8696
1122.000       0.7862
1140.000       0.8927
1146.000       0.9231
1157.000       0.7546
1174.000       0.7409
1193.000       0.7807
1209.000       0.7851
1219.000       0.7534
1229.000       0.8140
1248.000       0.8763
1270.000       0.8553
1281.000       0.9398
1305.000       1.0162
1315.000       1.0973
1327.000       1.2202
1344.000       1.5774
1363.000       1.7322
1370.000       1.5891
1380.000       1.5450
1391.000       1.2894
1407.000       1.1490
1423.000       1.0909
1439.000       0.9868
1450.000       1.0484
1467.000       1.2084
1483.000       1.2325
1498.000       1.7372
1522.000       1.5417
1533.000       1.4027
1540.000       1.0738
1556.000       1.0330
1571.000       1.0335
1581.000       0.9391
1592.000       0.8892
1614.000       0.8740
1628.000       0.8915
1638.000       0.8752
1654.000       0.8045
1671.000       0.7997
1685.000       0.8456
1704.000       0.8210
1723.000       0.7613
1733.000       0.8726
1750.000       0.8764
1774.000       1.0676
1790.000       1.3682
1801.000       1.1969
1808.000       1.0028
1827.000       0.8799
1846.000       0.8213
1865.000       0.8492
1879.000       0.8962
1908.000       1.1199
1914.000       1.1270
1933.000       1.2329
1945.000       1.3708
1957.000       1.4177
1974.000       1.2598
1986.000       1.0989
1996.000       1.2434
2015.000       1.3292
2025.000       1.1425
2041.000       1.1391
2056.000       1.3360
2066.000       1.3563
2076.000       1.1447
2087.000       1.4227
2101.000       1.4384
2115.000       1.3040
2139.000       1.4218
2145.000       1.1902
2155.000       0.9645
2174.000       0.9136
2194.000       0.9681
2213.000       1.0269
2225.000       1.0175
2241.000       1.0474
2252.000       1.0699
2264.000       1.1108
2281.000       1.1384
2303.000       1.2110
2309.000       1.0829
2328.000       1.0340
2342.000       0.9796
2353.000       0.9156
2372.000       0.8132
2391.000       0.6340
2411.000       0.7508
2422.000       0.9149
2439.000       0.8659
2454.000       0.7444
2466.000       0.6716
2473.000       0.6837
2487.000       0.7522
2511.000       0.7379
2530.000       0.7143
2537.000       0.7504
2553.000       0.8335
2568.000       0.7819
2585.000       0.7778
2604.000       0.9271
2620.000       1.0109
2630.000       0.9505
2649.000       1.0375
2656.000       0.9042
2673.000       0.9968
2690.000       0.9070
2707.000       0.7913
2726.000       0.7481
2736.000       0.6581
2755.000       0.6095
2774.000       0.6621
2784.000       0.7145
2799.000       0.8378
2805.000       1.0942
2824.000       1.2164
2835.000       0.9031
2846.000       0.9222
2862.000       0.8571
2873.000       0.6761
2883.000       0.8207
2907.000       0.8481
2926.000       0.6593
2950.000       0.7236
2969.000       0.8667
2979.000       0.8063
2986.000       0.7395
3010.000       0.8487
3027.000       0.9171
3049.000       0.8819
3070.000       0.8905
3089.000       1.0235
3103.000       1.0937
3127.000       1.0869
3141.000       1.1618
3158.000       1.0225
3177.000       1.0383
3202.000       0.8773
3208.000       0.9214
3227.000       0.8905
3237.000       0.8495
3252.000       0.8106
3276.000       0.7633
3291.000       0.8455
3298.000       0.8304
3310.000       0.7538
3334.000       0.7298
3345.000       0.6238
3355.000       0.6964
3372.000       0.7061
3383.000       0.6506
3390.000       0.6464
3410.000       0.7683
3427.000       0.7227
3444.000       0.6737
3458.000       0.8238
3475.000       0.9464
3492.000       0.8725
3509.000       0.9414
3528.000       1.2194
3542.000       1.3427
3557.000       2.2759
3564.000       1.4877
3583.000       1.0418
3607.000       0.8802
3613.000       0.8452
3627.000       0.7152
3637.000       0.6385
3654.000       0.5814
3673.000       0.5214
3689.000       0.5530
3699.000       0.4403
3713.000       0.4270
3725.000       0.5026
3742.000       0.5436
3759.000       0.4973
3769.000       0.5189
3788.000       0.6311
3795.000       0.5788
3805.000       0.5582
3822.000       0.6368
3846.000       0.6770
3856.000       0.6749
3875.000       0.7623
3889.000       0.8799
3904.000       0.9189
3915.000       1.0026
3922.000       0.8612
3941.000       0.8294
3965.000       0.6895
3981.000       0.7977
3988.000       0.9343
3998.000       0.8437
4010.000       0.7253
4029.000       0.6915
4040.000       0.5700
4056.000       0.5202
4072.000       0.4826
4079.000       0.4488
4100.000       0.4642
4112.000       0.5062
4124.000       0.5754
4138.000       0.7672
4153.000       0.6474
4165.000       0.5657
4176.000       0.6496
4187.000       0.5880
4198.000       0.5379
4219.000       0.5733
4246.000       0.6103
4260.000       0.5531
4266.000       0.4958
4285.000       0.5077
4299.000       0.4921
4313.000       0.5577
4332.000       0.5938
4354.000       0.5596
4371.000       0.7001
4383.000       0.7467
4403.000       0.8176
4427.000       0.8086
4446.000       0.7849
4465.000       0.7850
4472.000       0.8882
4489.000       0.9051
4503.000       0.8914
4514.000       0.8838
4530.000       1.0194
4542.000       1.0562
4566.000       1.0717
4585.000       1.1449
4604.000       1.2558
4621.000       1.2295
4640.000       1.2848
4651.000       1.3999
4668.000       1.4686
4675.000       1.4486
4692.000       1.6524
4702.000       1.6664
4718.000       1.4789
4740.000       1.2310
4747.000       1.0053
4761.000       0.9119
4778.000       0.8183
4797.000       0.7155
4824.000       0.7677
4830.000       0.6667
4846.000       0.6834
4857.000       0.6437
4876.000       0.6363
4892.000       0.6829
4914.000       0.6427
4938.000       0.6652
4960.000       0.6077
4974.000       0.7337
4991.000       2.8020
5021.000       2.1776
5027.000       1.5644
5043.000       1.5094
5057.000       1.5504
5076.000       2.3999
5097.000       2.3380
5109.000       2.1185
5125.000       2.8391
5135.000       3.3465
5150.000       3.0664
5171.000       3.3870
5181.000       4.0769
5188.000       3.9420
5204.000       3.6976
5215.000       2.8637
5236.000       3.1334
5253.000       3.4668
5267.000       2.6709
5283.000       2.4178
5294.000       3.1626
5318.000       3.1303
5334.000       2.4697
5350.000       2.8819
5364.000       3.6393
5381.000       4.0125
5391.000       4.8565
5402.000       5.1704
5419.000       4.6812
5435.000       5.1654
5446.000       5.0775
5456.000       5.0142
5478.000       4.4250
5492.000       3.8828
5516.000       4.0358
5531.000       3.7580
5553.000       3.0100
5569.000       2.8848
5584.000       2.9418
5594.000       2.4322
5604.000       1.8391
5621.000       2.0889
5631.000       2.0521
5646.000       1.5427
5665.000       1.3927
5679.000       1.0607
5700.000       0.8723
5727.000       0.9725
5733.000       0.9423
5747.000       1.0153
5771.000       1.0268
5787.000       1.2574
5797.000       1.4470
5814.000       1.4249
5831.000       1.5218
5850.000       1.8439
5860.000       2.1276
5867.000       1.9967
5889.000       2.6286
5906.000       1.9861
5917.000       1.7520
5936.000       1.4187
5955.000       1.1428
5974.000       1.0373
5981.000       0.9020
5997.000       0.8886
6007.000       0.7730
6021.000       0.7902
6032.000       0.8230
6043.000       0.8181
6062.000       1.0847
6072.000       1.0197
6091.000       0.9935
6108.000       0.6942
6126.000       0.5870
6132.000       0.6023
6143.000       0.6182
6160.000       0.6299
6179.000       0.6590
6195.000       0.6327
6205.000       0.7718
6215.000       0.8221
6234.000       0.8355
6256.000       0.9639
6267.000       1.0979
6291.000       1.1735
6301.000       1.2124
6313.000       1.5186
6330.000       1.8747
6349.000       1.8013
6356.000       1.6848
6366.000       1.5409
6377.000       1.2519
6393.000       1.2148
6409.000       1.1036
6425.000       1.0961
6436.000       1.0228
6453.000       1.0250
6469.000       1.3022
6484.000       1.4566
6508.000       1.3322
6519.000       1.1082
6526.000       0.9888
6542.000       1.0634
6557.000       1.0727
6567.000       0.9560
6578.000       1.0550
6600.000       1.1531
6614.000       1.0647
6624.000       1.0665
6640.000       1.2379
6657.000       1.2206
6671.000       1.1500
6690.000       1.1978
6709.000       1.2783
6719.000       1.2508
6736.000       1.2204
6760.000       1.1836
6776.000       1.2297
6787.000       1.1668
6794.000       1.0199
6813.000       0.8402
6832.000       0.7781
6851.000       0.7258
6865.000       0.7734
6894.000       0.7347
6900.000       0.7280
6919.000       0.8118
6931.000       0.9229
6943.000       1.0096
6960.000       0.9344
6972.000       0.8744
6982.000       0.9360
7001.000       0.9950
7011.000       0.9285
7027.000       0.9592
7042.000       1.0826
7052.000       1.1193
7062.000       1.1016
7073.000       1.3188
7087.000       1.7996
7101.000       1.2116
7125.000       1.1135
7131.000       0.9569
7141.000       0.8497
7160.000       0.7320
7180.000       0.6740
7199.000       0.6741
7211.000       0.7013
7227.000       0.8048
7238.000       0.8583
7250.000       0.9324
7267.000       0.8803
7289.000       0.9225
7295.000       0.7675
7314.000       0.8077
7328.000       0.7686
7339.000       0.8035
7358.000       0.7856
7377.000       0.7116
7397.000       0.7515
7408.000       0.7457
7425.000       0.8107
7440.000       0.7643
7452.000       0.6838
7459.000       0.6451
7473.000       0.7748
7497.000       0.8077
7516.000       0.7546
7523.000       0.7885
7539.000       0.8523
7554.000       0.8531
7571.000       0.8645
7590.000       1.0169
7606.000       1.1007
7616.000       1.0688
7635.000       1.1657
7642.000       1.0621
7659.000       1.1650
7676.000       1.0304
7693.000       0.8837
7712.000       0.8275
7722.000       0.7917
7741.000       0.7928
7760.000       1.2078
7770.000       1.5892
7785.000       1.2976
7791.000       1.6144
7810.000       1.8017
7821.000       0.9726
7832.000       0.8343
7848.000       0.7588
7859.000       0.7629
7869.000       0.7851
7893.000       0.6833
7912.000       0.6215
7936.000       0.7497
7955.000       0.8920
7965.000       0.7686
7972.000       0.6875
7996.000       0.9530
8013.000       1.0362
8035.000       0.9461
8056.000       0.9586
8075.000       1.1503
8089.000       1.2033
8113.000       1.1581
8127.000       1.2572
8144.000       1.1335
8163.000       1.1966
8188.000       1.0525
8194.000       1.0547
8213.000       1.0231
8223.000       0.9768
8238.000       0.9826
8262.000       1.1548
8277.000       1.2697
8284.000       1.1325
8296.000       1.0482
8320.000       0.8278
8331.000       0.6438
8341.000       0.7084
8358.000       0.8525
8369.000       0.7654
8376.000       0.6916
8396.000       0.8661
8413.000       0.8965
8430.000       0.8008
8444.000       0.9121
8461.000       1.0882
8478.000       1.0420
8495.000       1.0228
8514.000       1.2862
8528.000       1.6362
8543.000       1.9167
8550.000       1.5842
8569.000       1.1674
8593.000       0.9679
8599.000       0.9424
8613.000       0.8210
8623.000       0.7859
8640.000       0.7119
8659.000       0.7064
8675.000       0.7243
8685.000       0.7994
8699.000       0.6179
8711.000       0.6037
8728.000       0.6257
8745.000       0.5856
8755.000       0.5435
8774.000       0.6291
8781.000       0.6299
8791.000       0.5951
8808.000       0.6222
8832.000       0.6941
8842.000       0.7206
8861.000       0.7581
8875.000       0.8417
8890.000       0.9265
8901.000       1.0070
8908.000       0.9244
8927.000       0.8948
8951.000       0.7793
8967.000       0.9039
8974.000       1.0500
8984.000       0.9707
8996.000       0.8613
9015.000       0.8407
9026.000       0.7321
9042.000       0.6958
9058.000       0.6350
9065.000       0.6682
9086.000       0.7737
9098.000       0.6053
9110.000       0.7193
9124.000       0.9628
9139.000       0.7041
9151.000       0.7051
9162.000       0.7791
9173.000       0.7063
9184.000       0.6023
9205.000       0.6090
9232.000       0.6969
9246.000       0.6754
9252.000       0.6479
9271.000       0.6740
9285.000       0.6156
9299.000       0.5273
9318.000       0.7776
9340.000       0.7806
9357.000       0.7683
9369.000       0.6165
9389.000       0.8209
9413.000       0.8866
9432.000       0.7229
9451.000       0.7500
9458.000       0.9317
9475.000       0.9428
9489.000       0.8827
9500.000       0.9623
9516.000       1.0670
9528.000       1.0397
9552.000       1.0736
9571.000       1.2252
9590.000       1.3087
9607.000       1.3206
9626.000       1.3513
9637.000       1.5046
9654.000       1.6385
9661.000       1.6973
9678.000       1.9717
9688.000       1.6481
9704.000       1.8070
9726.000       1.0078
9733.000       0.9139
9747.000       0.9336
9764.000       0.9166
9783.000       0.8341
9810.000       0.8945
9816.000       0.7805
9832.000       0.9249
9843.000       0.8091
9862.000       0.7666
9878.000       0.8343
9900.000       0.8055
9924.000       0.8130
9946.000       0.7479
9960.000       0.8822
