#Atom       AtomicFlx
   5.000       4.3550
  35.000       2.9134
  41.000       2.3202
  57.000       2.1124
  71.000       1.9245
  90.000       2.1669
 111.000       2.3027
 123.000       2.1600
 139.000       2.3633
 149.000       2.7013
 164.000       2.7112
 185.000       2.8014
 195.000       3.1205
 202.000       2.8864
 218.000       2.6438
 229.000       2.1684
 250.000       2.2730
 267.000       2.4675
 281.000       2.1702
 297.000       2.0400
 308.000       2.4322
 332.000       2.5461
 348.000       2.3230
 364.000       2.5444
 378.000       3.0136
 395.000       3.0747
 405.000       3.5848
 416.000       3.7644
 433.000       3.4007
 449.000       3.8313
 460.000       3.9017
 470.000       3.8448
 492.000       3.3644
 506.000       3.1690
 530.000       3.3207
 545.000       3.0725
 567.000       2.5763
 583.000       2.6380
 598.000       2.7545
 608.000       2.4103
 618.000       2.1240
 635.000       2.4067
 645.000       2.4668
 660.000       2.1879
 679.000       2.2012
 693.000       1.9085
 714.000       1.5433
 741.000       1.5809
 747.000       1.3320
 761.000       1.2422
 785.000       0.9690
 801.000       1.0890
 811.000       1.2888
 828.000       1.2189
 845.000       1.0677
 864.000       1.4426
 874.000       1.5763
 881.000       1.8715
 903.000       2.2343
 920.000       2.2629
 931.000       1.8789
 950.000       1.4639
 969.000       1.0883
 988.000       0.9574
 995.000       0.8575
1011.000       0.8374
1021.000       0.8039
1035.000       0.7738
1046.000       0.7869
1057.000       0.7499
1076.000       0.8674
1086.000       0.8207
1105.000       0.8029
1122.000       0.7248
1140.000       0.6899
1146.000       0.7553
1157.000       0.6859
1174.000       0.6165
1193.000       0.7132
1209.000       0.8144
1219.000       0.7454
1229.000       0.8346
1248.000       1.0858
1270.000       1.1689
1281.000       1.1673
1305.000       1.2507
1315.000       1.4891
1327.000       1.6036
1344.000       1.6469
1363.000       1.7676
1370.000       1.5558
1380.000       1.4771
1391.000       1.2304
1407.000       1.2310
1423.000       1.1203
1439.000       1.1094
1450.000       1.2533
1467.000       1.3383
1483.000       2.1653
1498.000       2.3155
1522.000       2.3316
1533.000       2.0519
1540.000       1.4872
1556.000       1.4082
1571.000       1.3619
1581.000       1.0868
1592.000       1.1067
1614.000       1.2206
1628.000       1.0820
1638.000       0.9589
1654.000       1.0727
1671.000       1.1216
1685.000       0.9936
1704.000       0.9874
1723.000       1.0354
1733.000       1.0493
1750.000       1.0288
1774.000       1.0277
1790.000       1.1407
1801.000       1.0644
1808.000       0.9056
1827.000       0.7718
1846.000       0.7279
1865.000       0.6811
1879.000       0.7631
1908.000       0.8312
1914.000       1.0167
1933.000       1.3510
1945.000       1.5927
1957.000       1.7218
1974.000       1.4090
1986.000       1.1740
1996.000       1.3567
2015.000       1.3385
2025.000       1.0416
2041.000       1.0928
2056.000       1.2555
2066.000       1.1185
2076.000       1.0079
2087.000       1.2075
2101.000       1.2737
2115.000       1.1132
2139.000       1.0987
2145.000       0.9649
2155.000       0.8505
2174.000       0.7781
2194.000       0.7316
2213.000       0.7691
2225.000       0.9145
2241.000       1.0842
2252.000       1.1705
2264.000       1.2927
2281.000       1.3521
2303.000       1.3566
2309.000       1.1585
2328.000       1.0629
2342.000       0.9443
2353.000       0.8811
2372.000       0.8301
2391.000       0.8243
2411.000       0.8451
2422.000       0.8394
2439.000       0.9128
2454.000       0.9091
2466.000       0.8055
2473.000       0.8007
2487.000       0.9005
2511.000       0.8847
2530.000       0.8318
2537.000       0.8704
2553.000       0.9699
2568.000       0.9067
2585.000       0.8923
2604.000       1.0295
2620.000       1.0988
2630.000       1.0398
2649.000       1.1451
2656.000       1.0082
2673.000       1.1245
2690.000       1.0255
2707.000       0.8921
2726.000       0.8509
2736.000       0.7663
2755.000       0.6925
2774.000       0.7176
2784.000       0.7311
2799.000       0.8566
2805.000       0.9512
2824.000       1.1608
2835.000       1.0438
2846.000       1.1558
2862.000       1.0834
2873.000       0.8230
2883.000       0.8972
2907.000       0.9694
2926.000       0.7857
2950.000       0.7858
2969.000       0.9359
2979.000       0.8868
2986.000       0.8468
3010.000       0.9636
3027.000       1.0271
3049.000       1.0072
3070.000       1.0201
3089.000       1.1582
3103.000       1.2110
3127.000       1.2116
3141.000       1.3127
3158.000       1.1576
3177.000       1.1925
3202.000       1.0538
3208.000       1.1075
3227.000       1.0687
3237.000       0.9932
3252.000       0.8859
3276.000       0.8585
3291.000       0.8487
3298.000       0.8350
3310.000       0.7956
3334.000       0.7795
3345.000       0.6618
3355.000       0.7640
3372.000       0.7747
3383.000       0.6888
3390.000       0.7206
3410.000       0.8871
3427.000       0.8629
3444.000       0.7834
3458.000       0.9481
3475.000       1.0975
3492.000       1.0320
3509.000       1.0670
3528.000       1.3075
3542.000       1.3994
3557.000       1.3734
3564.000       1.1796
3583.000       1.1103
3607.000       0.9517
3613.000       0.9065
3627.000       0.7886
3637.000       0.7291
3654.000       0.6227
3673.000       0.5692
3689.000       0.5733
3699.000       0.5633
3713.000       0.4796
3725.000       0.5968
3742.000       0.5601
3759.000       0.5110
3769.000       0.5723
3788.000       0.6504
3795.000       0.6446
3805.000       0.6245
3822.000       0.6789
3846.000       0.7833
3856.000       0.7875
3875.000       0.8619
3889.000       0.9928
3904.000       1.0583
3915.000       1.1330
3922.000       0.9912
3941.000       0.9374
3965.000       0.7866
3981.000       0.8974
3988.000       1.0272
3998.000       0.9578
4010.000       0.8426
4029.000       0.7866
4040.000       0.6498
4056.000       0.6002
4072.000       0.5081
4079.000       0.6280
4100.000       0.6865
4112.000       0.6814
4124.000       0.6748
4138.000       0.9105
4153.000       0.7676
4165.000       0.6637
4176.000       0.7520
4187.000       0.7145
4198.000       0.6614
4219.000       0.6800
4246.000       0.6942
4260.000       0.6543
4266.000       0.5650
4285.000       0.6121
4299.000       0.6057
4313.000       0.6666
4332.000       0.7737
4354.000       0.7418
4371.000       0.7295
4383.000       0.7012
4403.000       0.7670
4427.000       0.8097
4446.000       0.7367
4465.000       0.7287
4472.000       0.9074
4489.000       0.9725
4503.000       0.8816
4514.000       1.0093
4530.000       1.2013
4542.000       1.1087
4566.000       1.0638
4585.000       1.3046
4604.000       1.3801
4621.000       1.2741
4640.000       1.3727
4651.000       1.6384
4668.000       1.6613
4675.000       1.7170
4692.000       1.8580
4702.000       1.5221
4718.000       1.3959
4740.000       1.2960
4747.000       1.1771
4761.000       1.2102
4778.000       1.0545
4797.000       0.9730
4824.000       1.0206
4830.000       0.8904
4846.000       0.9573
4857.000       0.8346
4876.000       0.7971
4892.000       0.8312
4914.000       0.7788
4938.000       0.7777
4960.000       0.6863
4974.000       0.8347
4991.000       5.0467
5021.000       3.8051
5027.000       2.6173
5043.000       2.2361
5057.000       1.9650
5076.000       3.0177
5097.000       2.9938
5109.000       2.4322
5125.000       3.3204
5135.000       4.0072
5150.000       3.5525
5171.000       3.7825
5181.000       4.7787
5188.000       4.6477
5204.000       4.4762
5215.000       3.4502
5236.000       3.8674
5253.000       4.2328
5267.000       3.1722
5283.000       2.9012
5294.000       3.9198
5318.000       3.7476
5334.000       2.8923
5350.000       3.5319
5364.000       4.5515
5381.000       5.0500
5391.000       6.3026
5402.000       6.8859
5419.000       5.9687
5435.000       6.4131
5446.000       6.1592
5456.000       5.8033
5478.000       5.1055
5492.000       4.5764
5516.000       4.3933
5531.000       3.9749
5553.000       3.2021
5569.000       2.9600
5584.000       2.8219
5594.000       2.3879
5604.000       1.7427
5621.000       2.0380
5631.000       2.1046
5646.000       1.9795
5665.000       1.9660
5679.000       1.4292
5700.000       1.1761
5727.000       1.0724
5733.000       0.9440
5747.000       0.9432
5771.000       0.8594
5787.000       0.8513
5797.000       1.0195
5814.000       1.0637
5831.000       1.0399
5850.000       1.2599
5860.000       1.5188
5867.000       1.7158
5889.000       1.6840
5906.000       1.5198
5917.000       1.2541
5936.000       1.1062
5955.000       0.8952
5974.000       0.8757
5981.000       0.7965
5997.000       0.8291
6007.000       0.8082
6021.000       0.8022
6032.000       0.8033
6043.000       0.7364
6062.000       0.8216
6072.000       0.8132
6091.000       0.7954
6108.000       0.6883
6126.000       0.6846
6132.000       0.7243
6143.000       0.6698
6160.000       0.6208
6179.000       0.6368
6195.000       0.6420
6205.000       0.6944
6215.000       0.7013
6234.000       0.7839
6256.000       0.8502
6267.000       0.8886
6291.000       0.9403
6301.000       1.0412
6313.000       1.1535
6330.000       1.3089
6349.000       1.3682
6356.000       1.2067
6366.000       1.1317
6377.000       0.9462
6393.000       0.9744
6409.000       0.9515
6425.000       1.0042
6436.000       1.0370
6453.000       1.1853
6469.000       1.6973
6484.000       1.6271
6508.000       1.5842
6519.000       1.2755
6526.000       1.0579
6542.000       1.1155
6557.000       1.1142
6567.000       0.9155
6578.000       0.9711
6600.000       1.0997
6614.000       0.9795
6624.000       0.9380
6640.000       1.0970
6657.000       1.0970
6671.000       0.9522
6690.000       1.0666
6709.000       1.1494
6719.000       1.0181
6736.000       1.0291
6760.000       0.9772
6776.000       1.0305
6787.000       0.9481
6794.000       0.8746
6813.000       0.7464
6832.000       0.7225
6851.000       0.7357
6865.000       0.7659
6894.000       0.7809
6900.000       0.8551
6919.000       0.9487
6931.000       1.0473
6943.000       1.1716
6960.000       0.9574
6972.000       0.9098
6982.000       1.0392
7001.000       1.0470
7011.000       0.9065
7027.000       0.9646
7042.000       1.1340
7052.000       1.1491
7062.000       1.0617
7073.000       1.2695
7087.000       1.3046
7101.000       1.0804
7125.000       1.0454
7131.000       0.9560
7141.000       0.7513
7160.000       0.6595
7180.000       0.6039
7199.000       0.6504
7211.000       0.6720
7227.000       0.7501
7238.000       0.8711
7250.000       0.9503
7267.000       0.9125
7289.000       1.0035
7295.000       0.8824
7314.000       0.7634
7328.000       0.6781
7339.000       0.6772
7358.000       0.6986
7377.000       0.6360
7397.000       0.7379
7408.000       0.7447
7425.000       0.8471
7440.000       0.8427
7452.000       0.7813
7459.000       0.7832
7473.000       0.8832
7497.000       0.9202
7516.000       0.9109
7523.000       0.9367
7539.000       1.0258
7554.000       1.0407
7571.000       1.0448
7590.000       1.1444
7606.000       1.2327
7616.000       1.2270
7635.000       1.2982
7642.000       1.1995
7659.000       1.2846
7676.000       1.1678
7693.000       0.9795
7712.000       0.9087
7722.000       0.8243
7741.000       0.7649
7760.000       0.7477
7770.000       0.7216
7785.000       0.7596
7791.000       0.8932
7810.000       0.8868
7821.000       0.6856
7832.000       0.6555
7848.000       0.8401
7859.000       0.9147
7869.000       0.7998
7893.000       0.7244
7912.000       0.6738
7936.000       0.7255
7955.000       0.8011
7965.000       0.7998
7972.000       0.7953
7996.000       0.9013
8013.000       0.9573
8035.000       0.9654
8056.000       1.0060
8075.000       1.1347
8089.000       1.2030
8113.000       1.2053
8127.000       1.3006
8144.000       1.1857
8163.000       1.1942
8188.000       1.0749
8194.000       1.1068
8213.000       1.0620
8223.000       1.0180
8238.000       0.9930
8262.000       0.8862
8277.000       0.9221
8284.000       0.7602
8296.000       0.7602
8320.000       0.6964
8331.000       0.6535
8341.000       0.7816
8358.000       0.7769
8369.000       0.7397
8376.000       0.7755
8396.000       0.8957
8413.000       0.8763
8430.000       0.8752
8444.000       0.9958
8461.000       1.1160
8478.000       1.0743
8495.000       1.0750
8514.000       1.5030
8528.000       1.8464
8543.000       2.3400
8550.000       1.5833
8569.000       1.2567
8593.000       1.1199
8599.000       1.1274
8613.000       0.9812
8623.000       0.8769
8640.000       0.7612
8659.000       0.7012
8675.000       0.6617
8685.000       0.5876
8699.000       0.5776
8711.000       0.6408
8728.000       0.6397
8745.000       0.6438
8755.000       0.6590
8774.000       0.7094
8781.000       0.7069
8791.000       0.7463
8808.000       0.8050
8832.000       0.8314
8842.000       0.8703
8861.000       0.9445
8875.000       1.0244
8890.000       1.0688
8901.000       1.1797
8908.000       1.0898
8927.000       1.0540
8951.000       0.9218
8967.000       1.0303
8974.000       1.1743
8984.000       1.1138
8996.000       0.9823
9015.000       0.9570
9026.000       0.8262
9042.000       0.7731
9058.000       0.6882
9065.000       0.6322
9086.000       0.6119
9098.000       0.6203
9110.000       0.6288
9124.000       0.7168
9139.000       0.6775
9151.000       0.6536
9162.000       0.7770
9173.000       0.6853
9184.000       0.6460
9205.000       0.6842
9232.000       0.7929
9246.000       0.7423
9252.000       0.7049
9271.000       0.7566
9285.000       0.7004
9299.000       0.7148
9318.000       0.7935
9340.000       0.7684
9357.000       0.6819
9369.000       0.6861
9389.000       0.8309
9413.000       0.7725
9432.000       0.6578
9451.000       0.6801
9458.000       0.7937
9475.000       0.7439
9489.000       0.6863
9500.000       0.7642
9516.000       0.8556
9528.000       0.8178
9552.000       0.8680
9571.000       0.9772
9590.000       1.0440
9607.000       1.1002
9626.000       1.1909
9637.000       1.3109
9654.000       1.4051
9661.000       1.2881
9678.000       1.4778
9688.000       1.1209
9704.000       1.1205
9726.000       0.9367
9733.000       0.7986
9747.000       0.7547
9764.000       0.7390
9783.000       0.7392
9810.000       0.8419
9816.000       0.7588
9832.000       0.8808
9843.000       0.8647
9862.000       0.9584
9878.000       0.9776
9900.000       0.9127
9924.000       0.9378
9946.000       0.8818
9960.000       1.1204
9974.000       1.7471
9993.000       2.4259
