#Atom       AtomicFlx
   5.000       5.2238
  35.000       4.0521
  41.000       2.8979
  57.000       2.3672
  71.000       2.0218
  90.000       3.1356
 111.000       3.3613
 123.000       2.9315
 139.000       3.6385
 149.000       4.4168
 164.000       4.2021
 185.000       4.3912
 195.000       5.2530
 202.000       4.9465
 218.000       4.5460
 229.000       3.4895
 250.000       3.6219
 267.000       4.0697
 281.000       3.1837
 297.000       2.7463
 308.000       3.6040
 332.000       3.6112
 348.000       2.8059
 364.000       3.2969
 378.000       4.2161
 395.000       4.7447
 405.000       5.7421
 416.000       6.4859
 433.000       5.7381
 449.000       6.3653
 460.000       6.2612
 470.000       6.2105
 492.000       5.4705
 506.000       4.8456
 530.000       4.9477
 545.000       4.6418
 567.000       3.7178
 583.000       3.4921
 598.000       3.6213
 608.000       3.1478
 618.000       2.3339
 635.000       2.6462
 645.000       3.0259
 660.000       2.5390
 679.000       2.0578
 693.000       1.7243
 714.000       1.6087
 741.000       1.7796
 747.000       1.7003
 761.000       1.5954
 785.000       1.4767
 801.000       1.5909
 811.000       1.6676
 828.000       1.5287
 845.000       1.5224
 864.000       1.8013
 874.000       1.9535
 881.000       1.8952
 903.000       2.0525
 920.000       2.4470
 931.000       1.5840
 950.000       1.2110
 969.000       1.0562
 988.000       0.9658
 995.000       0.8954
1011.000       0.9308
1021.000       0.9557
1035.000       1.2406
1046.000       1.2513
1057.000       1.2058
1076.000       1.3369
1086.000       1.3602
1105.000       1.3272
1122.000       1.1600
1140.000       1.0279
1146.000       1.1624
1157.000       1.0870
1174.000       0.9801
1193.000       1.0287
1209.000       1.1556
1219.000       1.1200
1229.000       1.0472
1248.000       1.1958
1270.000       1.3940
1281.000       1.3570
1305.000       1.2693
1315.000       1.5240
1327.000       1.8633
1344.000       1.8098
1363.000       1.7100
1370.000       1.3660
1380.000       1.2153
1391.000       1.0696
1407.000       1.0321
1423.000       0.9810
1439.000       1.1055
1450.000       1.2472
1467.000       1.7952
1483.000       2.1844
1498.000       2.1434
1522.000       2.1391
1533.000       1.7766
1540.000       1.4076
1556.000       1.4380
1571.000       1.4022
1581.000       1.1660
1592.000       1.1715
1614.000       1.2446
1628.000       1.1357
1638.000       1.0611
1654.000       1.1597
1671.000       1.1796
1685.000       1.0762
1704.000       1.0872
1723.000       1.1543
1733.000       1.1625
1750.000       1.1149
1774.000       1.0773
1790.000       1.1497
1801.000       1.1188
1808.000       0.9797
1827.000       0.8827
1846.000       0.8614
1865.000       0.8949
1879.000       0.9865
1908.000       1.0250
1914.000       1.0066
1933.000       1.0978
1945.000       1.3672
1957.000       1.5405
1974.000       1.2967
1986.000       1.1532
1996.000       1.3412
2015.000       1.3668
2025.000       1.1416
2041.000       1.1999
2056.000       1.3861
2066.000       1.2739
2076.000       1.1421
2087.000       1.3502
2101.000       1.8450
2115.000       1.1940
2139.000       1.1929
2145.000       1.0579
2155.000       0.9564
2174.000       0.9059
2194.000       0.9211
2213.000       1.0515
2225.000       1.0378
2241.000       1.3342
2252.000       1.4988
2264.000       1.3866
2281.000       1.3852
2303.000       1.4980
2309.000       1.3737
2328.000       1.2239
2342.000       1.0733
2353.000       1.0642
2372.000       0.9431
2391.000       0.8489
2411.000       0.8950
2422.000       0.9226
2439.000       0.9602
2454.000       0.9117
2466.000       0.8526
2473.000       0.8382
2487.000       0.9188
2511.000       0.9431
2530.000       0.8968
2537.000       0.9374
2553.000       1.0608
2568.000       1.0418
2585.000       1.0335
2604.000       1.1769
2620.000       1.2853
2630.000       1.2661
2649.000       1.3468
2656.000       1.2120
2673.000       1.2824
2690.000       1.1871
2707.000       0.9810
2726.000       0.9241
2736.000       0.8199
2755.000       0.7525
2774.000       0.8258
2784.000       0.8505
2799.000       0.9220
2805.000       0.9605
2824.000       1.1282
2835.000       1.0220
2846.000       1.0481
2862.000       1.0553
2873.000       0.8473
2883.000       0.8679
2907.000       0.9468
2926.000       0.7887
2950.000       0.7986
2969.000       0.9070
2979.000       0.8882
2986.000       0.8363
3010.000       0.9287
3027.000       0.9825
3049.000       0.9830
3070.000       1.0123
3089.000       1.1699
3103.000       1.2363
3127.000       1.2546
3141.000       1.3454
3158.000       1.2315
3177.000       1.2669
3202.000       1.1280
3208.000       1.1922
3227.000       1.1467
3237.000       1.0696
3252.000       0.9511
3276.000       0.9147
3291.000       0.8939
3298.000       0.9127
3310.000       0.8276
3334.000       0.8142
3345.000       0.7140
3355.000       0.8282
3372.000       0.8428
3383.000       0.7624
3390.000       0.7965
3410.000       0.9452
3427.000       0.9345
3444.000       0.8906
3458.000       1.0570
3475.000       1.1781
3492.000       1.1529
3509.000       1.2264
3528.000       1.5625
3542.000       1.7511
3557.000       2.5653
3564.000       1.8804
3583.000       1.3767
3607.000       1.1648
3613.000       1.1388
3627.000       0.9644
3637.000       0.8415
3654.000       0.7231
3673.000       0.6458
3689.000       0.6495
3699.000       0.6116
3713.000       0.5703
3725.000       0.6946
3742.000       0.6644
3759.000       0.6336
3769.000       0.6233
3788.000       0.7065
3795.000       0.7593
3805.000       0.7630
3822.000       0.8060
3846.000       0.8906
3856.000       0.9581
3875.000       1.0475
3889.000       1.1373
3904.000       1.2466
3915.000       1.3741
3922.000       1.2336
3941.000       1.1914
3965.000       1.0004
3981.000       1.1079
3988.000       1.2962
3998.000       1.2221
4010.000       1.0381
4029.000       0.9620
4040.000       0.7940
4056.000       0.7329
4072.000       0.6506
4079.000       0.6460
4100.000       0.7084
4112.000       0.7170
4124.000       0.7535
4138.000       1.0582
4153.000       0.8031
4165.000       0.6931
4176.000       0.8501
4187.000       0.7670
4198.000       0.6898
4219.000       0.7745
4246.000       0.8645
4260.000       0.7965
4266.000       0.7102
4285.000       0.7628
4299.000       0.6972
4313.000       0.7690
4332.000       0.9328
4354.000       1.0247
4371.000       1.1016
4383.000       1.0427
4403.000       1.1519
4427.000       1.1456
4446.000       0.9798
4465.000       0.9868
4472.000       1.1453
4489.000       1.1412
4503.000       1.0283
4514.000       1.1337
4530.000       1.3203
4542.000       1.2332
4566.000       1.2060
4585.000       1.4841
4604.000       1.5730
4621.000       1.5244
4640.000       1.6341
4651.000       1.9385
4668.000       2.0292
4675.000       1.9812
4692.000       2.1250
4702.000       1.7792
4718.000       1.7736
4740.000       1.5259
4747.000       1.3717
4761.000       1.2516
4778.000       1.0467
4797.000       0.9622
4824.000       1.0043
4830.000       0.9511
4846.000       1.0367
4857.000       0.9370
4876.000       1.0096
4892.000       1.0689
4914.000       0.9858
4938.000       1.0175
4960.000       0.9030
4974.000       1.0332
4991.000       4.5260
5021.000       3.4252
5027.000       2.1867
5043.000       1.8016
5057.000       1.6075
5076.000       2.3987
5097.000       2.5226
5109.000       2.1823
5125.000       2.8500
5135.000       3.4552
5150.000       3.2254
5171.000       3.4266
5181.000       4.1486
5188.000       3.9619
5204.000       3.6835
5215.000       2.8279
5236.000       3.2017
5253.000       3.5800
5267.000       2.7561
5283.000       2.5569
5294.000       3.4572
5318.000       3.3340
5334.000       2.7104
5350.000       3.2410
5364.000       3.8501
5381.000       4.3546
5391.000       4.6655
5402.000       5.2255
5419.000       4.8673
5435.000       5.4170
5446.000       5.3561
5456.000       5.1744
5478.000       4.5469
5492.000       4.1049
5516.000       4.0866
5531.000       3.7571
5553.000       3.0115
5569.000       2.8850
5584.000       2.9080
5594.000       2.4641
5604.000       1.8649
5621.000       2.1365
5631.000       2.2449
5646.000       1.9146
5665.000       1.7639
5679.000       1.3943
5700.000       1.2865
5727.000       1.4156
5733.000       1.3042
5747.000       1.2885
5771.000       1.2468
5787.000       1.3934
5797.000       1.5200
5814.000       1.4708
5831.000       1.5729
5850.000       1.8194
5860.000       2.0042
5867.000       2.0324
5889.000       2.5984
5906.000       2.5071
5917.000       1.8696
5936.000       1.6465
5955.000       1.3174
5974.000       1.2792
5981.000       1.1754
5997.000       1.1738
6007.000       1.2872
6021.000       1.5921
6032.000       1.4615
6043.000       1.1681
6062.000       1.0863
6072.000       1.0168
6091.000       1.1865
6108.000       1.0130
6126.000       0.9159
6132.000       0.9806
6143.000       0.8912
6160.000       0.8624
6179.000       0.9233
6195.000       0.9459
6205.000       0.9215
6215.000       0.9668
6234.000       1.0797
6256.000       1.0979
6267.000       1.1152
6291.000       1.2366
6301.000       1.3417
6313.000       1.4016
6330.000       1.5866
6349.000       1.7174
6356.000       1.6373
6366.000       1.6379
6377.000       1.4244
6393.000       1.5162
6409.000       1.4354
6425.000       1.3883
6436.000       1.6211
6453.000       1.8363
6469.000       2.3305
6484.000       1.9950
6508.000       1.8097
6519.000       1.6300
6526.000       1.3915
6542.000       1.4831
6557.000       1.5227
6567.000       1.2741
6578.000       1.2519
6600.000       1.4347
6614.000       1.3805
6624.000       1.2669
6640.000       1.3896
6657.000       1.5050
6671.000       1.4305
6690.000       1.4371
6709.000       1.5718
6719.000       1.6617
6736.000       1.6141
6760.000       1.4893
6776.000       1.5023
6787.000       1.4013
6794.000       1.2147
6813.000       1.0141
6832.000       0.9759
6851.000       1.0853
6865.000       1.1206
6894.000       1.0993
6900.000       1.0858
6919.000       1.2065
6931.000       1.2684
6943.000       1.3238
6960.000       1.2007
6972.000       1.0516
6982.000       1.1616
7001.000       1.2023
7011.000       1.0903
7027.000       1.1351
7042.000       1.2875
7052.000       1.2628
7062.000       1.2278
7073.000       1.4793
7087.000       2.0400
7101.000       1.3608
7125.000       1.3093
7131.000       1.1529
7141.000       0.9812
7160.000       0.8761
7180.000       0.8830
7199.000       0.9460
7211.000       0.9991
7227.000       1.1980
7238.000       1.3040
7250.000       1.3502
7267.000       1.3573
7289.000       1.3629
7295.000       1.1388
7314.000       1.0035
7328.000       0.9679
7339.000       0.9320
7358.000       0.8506
7377.000       0.7894
7397.000       0.8493
7408.000       0.8645
7425.000       0.9461
7440.000       0.9081
7452.000       0.8411
7459.000       0.8260
7473.000       0.9309
7497.000       0.9435
7516.000       0.9025
7523.000       0.9492
7539.000       1.0628
7554.000       1.0129
7571.000       1.0137
7590.000       1.1548
7606.000       1.2385
7616.000       1.1984
7635.000       1.2876
7642.000       1.1651
7659.000       1.2319
7676.000       1.1740
7693.000       1.0255
7712.000       0.9731
7722.000       0.8818
7741.000       0.8255
7760.000       0.8662
7770.000       0.9025
7785.000       0.9884
7791.000       1.1192
7810.000       1.2034
7821.000       1.0967
7832.000       1.1285
7848.000       1.1080
7859.000       0.9163
7869.000       0.9173
7893.000       0.9258
7912.000       0.7970
7936.000       0.8549
7955.000       0.9540
7965.000       0.9001
7972.000       0.8883
7996.000       0.9974
8013.000       1.0278
8035.000       1.0047
8056.000       1.0475
8075.000       1.1694
8089.000       1.2186
8113.000       1.2616
8127.000       1.3747
8144.000       1.2542
8163.000       1.3543
8188.000       1.1502
8194.000       1.2120
8213.000       1.1532
8223.000       1.0890
8238.000       1.0194
8262.000       0.9686
8277.000       0.9881
8284.000       0.9837
8296.000       0.8715
8320.000       0.8661
8331.000       0.7964
8341.000       0.8984
8358.000       0.9329
8369.000       0.8412
8376.000       0.8798
8396.000       1.0204
8413.000       0.9876
8430.000       0.9426
8444.000       1.0710
8461.000       1.2073
8478.000       1.1704
8495.000       1.2272
8514.000       1.4879
8528.000       1.5889
8543.000       1.9119
8550.000       1.6126
8569.000       1.3022
8593.000       1.1311
8599.000       1.1008
8613.000       0.9563
8623.000       0.8754
8640.000       0.7682
8659.000       0.7122
8675.000       0.7254
8685.000       0.6222
8699.000       0.5950
8711.000       0.7325
8728.000       0.6931
8745.000       0.6594
8755.000       0.6934
8774.000       0.7657
8781.000       0.7789
8791.000       0.7864
8808.000       0.8445
8832.000       0.9213
8842.000       0.9501
8861.000       0.9977
8875.000       1.1004
8890.000       1.1992
8901.000       1.2821
8908.000       1.1751
8927.000       1.1313
8951.000       0.9661
8967.000       1.0707
8974.000       1.2439
8984.000       1.1797
8996.000       1.0246
9015.000       0.9525
9026.000       0.8052
9042.000       0.7487
9058.000       0.6782
9065.000       0.6357
9086.000       0.6572
9098.000       0.6974
9110.000       0.7599
9124.000       0.9193
9139.000       0.7686
9151.000       0.7063
9162.000       0.7963
9173.000       0.7492
9184.000       0.7377
9205.000       0.8031
9232.000       0.8482
9246.000       0.7603
9252.000       0.7079
9271.000       0.7468
9285.000       0.6923
9299.000       0.7409
9318.000       0.8427
9340.000       0.8733
9357.000       0.9128
9369.000       0.8983
9389.000       1.0358
9413.000       0.9846
9432.000       0.8496
9451.000       0.8840
9458.000       0.9890
9475.000       1.0116
9489.000       0.9937
9500.000       1.1049
9516.000       1.2201
9528.000       1.1867
9552.000       1.2252
9571.000       1.3994
9590.000       1.4728
9607.000       1.4724
9626.000       1.5765
9637.000       1.7316
9654.000       1.9293
9661.000       1.9232
9678.000       2.3937
9688.000       2.0043
9704.000       1.9295
9726.000       1.3207
9733.000       1.0932
9747.000       1.0524
9764.000       0.9476
9783.000       0.8946
9810.000       0.9741
9816.000       0.8838
9832.000       0.9460
9843.000       0.8987
9862.000       0.8862
9878.000       0.9264
9900.000       0.8808
9924.000       0.9168
9946.000       0.8545
9960.000       0.9870
